5	35.2605969463	90
5.5	38.7763140109	96
6	42.289078109	73
6.5	45.79862173	55
7	49.3046776087	76
7.5	52.8069787454	58
8	56.3052584261	68
8.5	59.7992502434	62
9	63.2886881163	334
9.5	66.7733063105	1150
10	70.252839459	1673
10.5	73.7270225817	2159
11	77.1955911062	2526
11.5	80.6582808876	2590
12	84.1148282286	2706
12.5	87.5649698998	2669
13	91.0084431595	2663
13.5	94.4449857739	2588
14	97.8743360369	2554
14.5	101.2962327904	2137
15	104.7104154435	1954
15.5	108.1166239931	1654
16	111.5145990432	1613
16.5	114.9040818248	1506
17	118.2848142157	1544
17.5	121.6565387601	1312
18	125.018998688	1247
18.5	128.3719379352	1117
19	131.7151011622	1227
19.5	135.0482337744	1193
20	138.3710819406	1094
20.5	141.6833926133	2008
21	144.9849135471	6050
21.5	148.2753933184	1196
22	151.5545813444	908
22.5	154.8222279022	1132
23	158.078084148	18646
23.5	161.3219021357	11208
24	164.5534348359	631
24.5	167.772436155	490
25	170.9786609535	453
25.5	174.171865065	431
26	177.3518053146	326
26.5	180.5182395376	334
27	183.6709265978	304
27.5	186.8096264058	323
28	189.9340999375	246
28.5	193.0441092521	238
29	196.1394175104	234
29.5	199.2197889927	210
30	202.2849891167	181
